5 0.14605871886120994 0.6501421800947867 0.04838078291814946 0.07364928909952616
5 0.3223309608540925 0.9383056872037914 0.03871886120996439 0.079170616113744
5 0.12532028469750892 0.026907582938388633 0.05669039145907476 0.05338862559241706
5 0.22623665480427044 0.3813388625592417 0.0400889679715302 0.06627962085308063
5 0.5822419928825623 0.10331753554502372 0.04423487544483988 0.06995260663507108
5 0.5462900355871886 0.48720379146919435 0.31521352313167256 0.5026540284360189
5 0.6209519572953737 0.7854857819905213 0.049768683274021404 0.06443127962085321
5 0.8158896797153025 0.771670616113744 0.04701067615658356 0.06258293838862551
5 0.9534519572953737 0.5875473933649289 0.04010676156583624 0.06627962085308063
5 0.7661120996441281 0.2110308056872038 0.049768683274021404 0.060781990521327024
5 0.3527491103202847 0.25337677725118485 0.05806049822064056 0.07547393364928909