5 0.23709999999999998 0.6296555555555556 0.3431666666666667 0.4172666666666667
5 0.37900833333333334 0.2843333333333333 0.11761666666666666 0.12373333333333333
5 0.5257666666666667 0.3685 0.13056666666666666 0.18273333333333333
5 0.6951916666666665 0.1260666666666667 0.09821666666666666 0.14964444444444444
5 0.5651499999999999 0.09944444444444445 0.08633333333333333 0.14244444444444443
5 0.46425 0.5239 0.08093333333333334 0.07624444444444445
5 0.7194166666666666 0.5526777777777778 0.09506666666666666 0.05611111111111111
5 0.5791833333333333 0.5857666666666668 0.17266666666666666 0.18562222222222222
5 0.67895 0.7677888888888889 0.2235 0.31077777777777776
5 0.46640000000000004 0.8310888888888889 0.1802 0.1870666666666667
5 0.40868333333333334 0.7066333333333333 0.15323333333333333 0.12228888888888889
5 0.8888916666666667 0.8670666666666667 0.09711666666666667 0.1295111111111111