5 0.2421771217712177 0.6757266009852217 0.3798892988929889 0.462487684729064
5 0.3992712177121771 0.29298029556650246 0.13020295202952029 0.13714285714285715
5 0.5617343173431735 0.3862684729064039 0.14453874538745393 0.20253694581280793
5 0.7492896678966788 0.11756157635467981 0.1087269372693726 0.16586206896551725
5 0.6053321033210332 0.08805418719211823 0.09557195571955711 0.15788177339901477
5 0.49363468634686347 0.5585098522167488 0.08959409594095952 0.08450738916256158
5 0.7761070110701107 0.5904064039408867 0.10523985239852392 0.062192118226600986
5 0.6208671586715867 0.6270812807881774 0.19114391143911444 0.20573891625615756
5 0.7306273062730627 0.8275862068965517 0.24723247232472326 0.3448275862068966
5 0.4944649446494465 0.896551724137931 0.1992619926199262 0.20689655172413793
5 0.43212177121771217 0.7610467980295567 0.1696309963099631 0.1355418719211822
5 0.9547970479704797 0.9334975369458128 0.09040590405904059 0.1330049261083744