5 0.22329710144927534 0.6747463768115942 0.37300724637681154 0.4535507246376811
5 0.37754528985507246 0.29939613526570047 0.12784420289855072 0.1344927536231884
5 0.5370652173913044 0.39088164251207724 0.14192028985507252 0.19862318840579715
5 0.7212228260869564 0.12736714975845412 0.1067572463768115 0.16265700483091788
5 0.579873188405797 0.09842995169082126 0.09384057971014484 0.15483091787439612
5 0.47019927536231887 0.5597946859903381 0.08797101449275373 0.0828743961352657
5 0.7475543478260869 0.5910748792270533 0.10333333333333326 0.06099033816425121
5 0.5951268115942029 0.6270410628019324 0.1876811594202899 0.20176328502415453
5 0.7035688405797101 0.8248913043478261 0.2429347826086957 0.33780193236714984
5 0.472536231884058 0.8936956521739131 0.19586956521739132 0.20333333333333348
5 0.4098007246376812 0.7584178743961353 0.16655797101449274 0.1329227053140096
5 0.9311594202898551 0.9311594202898551 0.10507246376811594 0.13768115942028986