5 0.07665111940298507 0.7322388059701493 0.050727611940298505 0.077313432835821
5 0.05490671641791046 0.07799751243781096 0.059440298507462686 0.056044776119402985
5 0.1607182835820895 0.4500621890547264 0.04203358208955224 0.06957711442786077
5 0.5339925373134329 0.15820895522388062 0.0463805970149254 0.07343283582089555
5 0.7555970149253731 0.011194029850746268 0.041044776119402986 0.022388059701492536
5 0.9207089552238806 0.004975124378109453 0.05783582089552239 0.009950248756218905
5 0.49629664179104477 0.5611940298507463 0.33050373134328354 0.5276616915422886
5 0.574580223880597 0.87431592039801 0.05218283582089557 0.06763681592039815
5 0.7789738805970149 0.8598134328358209 0.04929104477611933 0.06569651741293524
5 0.9232089552238807 0.6665298507462687 0.04205223880597008 0.06957711442786077
5 0.7267817164179105 0.2712810945273632 0.05218283582089557 0.06380597014925375
5 0.29336753731343285 0.31573383084577117 0.06087686567164178 0.07922885572139308