5 0.14680833333333332 0.6696888888888889 0.04531666666666667 0.06906666666666667
5 0.3119166666666667 0.9399222222222222 0.03626666666666667 0.07424444444444443
5 0.12738333333333335 0.08523333333333334 0.0531 0.05006666666666667
5 0.2219083333333333 0.41761111111111116 0.03755 0.062155555555555554
5 0.5553666666666667 0.1568888888888889 0.04143333333333333 0.0656
5 0.7541416666666667 0.018011111111111113 0.03755 0.036022222222222226
5 0.9024083333333333 0.012833333333333334 0.051816666666666664 0.025666666666666667
5 0.5216916666666667 0.516888888888889 0.29525 0.4713777777777778
5 0.5916250000000001 0.7966111111111112 0.04661666666666667 0.060422222222222224
5 0.7742166666666667 0.7836555555555555 0.044033333333333334 0.05868888888888889
5 0.9030666666666667 0.6109888888888889 0.037566666666666665 0.062155555555555554
5 0.7275916666666666 0.2579 0.04661666666666667 0.056999999999999995
5 0.34040833333333337 0.29761111111111116 0.05438333333333334 0.07077777777777779